# Distance [km], Avg speed [km/h], Avg fuel consumption [l/100 km]
 195.2 65 4.4 
 215.2 65 4.6 
 9.5 25 6.9 
 4 14 9 
 2.9 11 10.6 
 10.3 22 6.6 
 9.6 17 8 
 8.1 20 7.5 
 7.9 20 7.3 
 7.4 26 6.3 
 13.8? 28 6.1 
 501.2 87 6.1 
 463.9 92 6.2 
 216.7 58 4.7 
 17.5 16 8.6 
 218.9 47 4.9 
 218.6 60 5.1 
 228.1 52 4.9 
 20.4 42 5.3 
 219.2 52 5 
 220 67 4.5 
 219.5 64 4.3 
 220 62 4.5 
 236.7 51 5.1 
 20.6 38 4.8 
 20 22 6.6 
 8.3 22 6.8 
 14.9 45 4.7 
 21 38 5.1 
 14.9 39 5.1 
 14.3 28 5.7 
 13.5 27 5.5 
 10 19 7.1 
 8.6 24 6.1 
 7.7 23 6.8 
 14.3 27 5.9 
 16.2 20 6.3 
 8.9 21 7.2 
 6.1 16 8.3 
 12.3 25 5.7 
 25.8 35 5 
 25.4 31 5.5 
 13.6 29 5.8 
 19 22 6 
 10.3 27 5.6 
 12.9 11 8.5 
 20.6 29 5.2 
 14.3 22 5.9 
 20.1 35 4.8 
 17.7 36 4.4 
 13.7 17 7 
 23.1 29 5.4 
 13.5 26 5.4 
 13.7 17 6.3 
 15 25 5.7 
 14.5 17 6.3 
 14.3 26 5.3 
 1.1 15 7.5 
 13.7 20 5.9 
 12.4 24 6.6 
 14.3 23 6.1 
 13.6 22 5.5 
 14.4 28 5.6 
 14.5 22 5.8 
 14.3 22 5.9 
 1.1 16 6.0 
 1.3 14 7.5 
 14.6 21 5.4 
 10.7 22 6.3 
 10.3 32 5.4 
 9.5 14 8.9 
 9.8 23 5.9 
 8.5 25 6.2 
 14.4 25 5.9 
 14.5 16 6.9 
 8.4 11 9.5 
 14.3 32 5.9 
 14.6 19 6.7 
 14.4 26 5.9 
 14.6 23 5.5 
 10 32 5.7 
 10.2 34 5.6 
 10.9 19 7.3 
 9.2 28 5.5 
 0.8 8 10.8 
 9.6 28 6.1 
 20.7 23 5.9 
 9.7 19 5.9 
 19.9 23 5.6 
 20 12 8.3 
 4.9 19 7 
 96.9 58 4.6 
 90.6 72 5.1 
 89.3 75 4.5 
 14.4 28 6.4 
 15.3 25 6.2 
 14.4 29 6.1 
 1.2 13 8.8 
 8.7 24 7.0 
 8.4 26 6.6 
 8.1 22 7.5 
 8.4 23 7.4 
 12.7 29 5.8 
 17.6 34 5.5 
 2.1 14 7.8 
 11.1 23 6.9 
 10.6 23 6.4 
 10.1 16 7.9 
 10.4 31 6.4 
 10.1 11 9.7 
 98.2 58 4.7 
 83.7 71 4.9 
 14.6 20 6.0 
 11.1 25 6.6 
 10.7 18 7.8 
 1.1 16 10.2 
 13.7 25 6.3 
 9.8 18 7.2 
 10.4 21 6.3 
 9.6 24 7.2 
 10.5 27 5.8 
 14.2 30 5.4 
 14.6 22 6.1 
 4.1 18 7.9 
 1.9 21 7.4 
 14.4 30 6.2 
 30.5 31 5.4 
 7.8 20 7.3 
 8.4 26 5.9 
 10.4 37 6 
 17.2 28 6.1 
 9.5 23 6.6 
 8.4 25 7.4 
 14.9 32 5.4 
 4.1 27 5.6 
 26.2 49 5.0 
 19.2 44 4.6 
 25 55 4.7 
 4.1 21 8.3 
 3.9 19 7 
 6.6 29 5.2 
 7.8 25 5.8 
 4.9 24 5.9 
 0.6 9 9.7 
 4.4 18 8.8 
 4.6 15 9.1 
 3.4 19 9.2 
 218.5 70 5.1 
 221.5 63 4.4 
 14.9 27 6.3 
 16 30 5.3 
 10.1 21 7.0 
 10.4 25 5.7 
 14.9 29 5.6 
 3.6 28 5.7 
 22 37 5.1 
 10.4 28 5.8 
 11.6 19 7.3 
 8.4 26 6.7 
 14.3 23 6.5 
 15.9 30 5.3 
 10 34 6 
 1.1 13 10.3 
 11.2 31 6.0 
 12 21 7.2 
 7.8 30 6.2 
 8.4 26 6.2 
 7.8 31 6.8 
 8.4 31 5.7 
 14.8 34 5.3 
 219.7 67 4.9 
 15.6 43 5.2 
 20.8 51 5.0 
 19.8 49 4.5 
 221.8 60 4.5 
 9 23 7.1 
 17 24 5.8 
 8.8 31 5 
 14.1 23 6.1 
 4.6 14 8.6 
 8.4 15 8.1 
 27 25 6.2 
 1.3 22 6.4 
 1.3 18 6.7 
 19.1 23 5.9 
 17 37 5.1 
 3.7 28 6.3 
 16.6 27 6.3 
 98.6 70 5.2 
 98 67 5.0 
 20.6 46 5.2 
 20.7 39 5.2 
 14.8 28 5.7 
 4.0 23 6.1 
 18.5 23 6.1 
 8.1 22 7.8 
 8.4 27 6.3 
 10.3 19 7.1 
 12.7 30 5.5 
 15.9 38 4.9 
 4.4 22 8.2 
 4.6 17 8 
 7.8 23 7.4 
 8.4 28 6.3 
 14.8 30 6.5 
 16.8 27 6.5 
 14.3 24 6.5 
 9.7 17 7.7 
 8.7 21 6.6 
 9.7 20 6.9 
 7.5 31 5.4 
 9.5 23 6 
 8.4 27 5.8 
 11.9 35 5.5 
 15.3 20 6.1 
 15 32 5.5 
 20.7 41 5.3 
 8.9 33 5.5 
 19.5 36 5.5 
 5.4 27 6.4 
 14.8 28 6.1 
 15.9 29 5.4 
 14.8 20 6.3 
 15.9 29 5.4 
 14.8 28 5.6 
 16.3 27 5.4 
 4.4 19 8.0 
 4.6 18 7.7 
 4.4 24 7.7 
 6.7 27 6.3 
 8.7 27 5.8 
 4.4 18 8.7 
 1.5 16 7.0 
 5.6 17 6.7 
 7.8 21 7.1 
 8.9 25 6.6 
 12.4 23 6.9 
 14.9 35 5.6 
 16 30 5.7 
 4.3 17 8.4 
 4.4 22 7.0 
 7.1 32 5.8 
 6.0 41 5.7 
 12.6 27 6.5 
 1.3 13 10.1 
 1.1 15 8.6 
 1.3 14 9.6 
 15.9 33 5.7 
 15.4 30 6.3 
 16 28 6.3 
 98.6 60 5.0 
 98.4 68 4.7 
 15.4 26 6.4 
 15.9 27 5.9 
 8.3 26 6.6 
 8.4 32 5.4 
 10.1 10 11.2 
 10.7 36 5.4 
 15.4 21 7.0 
 15.9 29 5.5 
 7.8 32 6.6 
 15.6 29 5.7 
 15.9 26 6.0 
 12.9 41 5.6 
 7.0 28 7.3 
 10.4 21 7.8 
 15.4 30 6.1 
 15.7 34 5.8 
 7.7 23 7.1 
 8.7 24 7.0 
 4.4 20 8.2 
 4.6 20 7.0 
 12.9 37 5.8 
 15.4 25 6.7 
 4.7 12 9.7 
 7.1 20 7.4 
 10.3 21 6.9 
 2.1 13 10.2 
 8.4 19 8.0 
 8.4 23 7.2 
 219.1 64 5.3 
 55.3 58 4.2 
 101.9 70 4.3 
 69.3 77 4.4 
 10.3 30 6.5 
 10.6 29 7.4 
 13.3 28 6.0 
 10.6 25 6.7 
 8.5 22 7.9 
 8.6 34 6.1 
 10.4 34 6.3 
 9.8 23 7.0 
 4.5 26 7.3 
 5.5 22 6.9 
 23.1 32 5.4 
 0.9 12 8.7 
 10.3 32 6.0 
 11 19 8.2 
 8.4 27 6.7 
 15.4 27 6.7 
 4.3 23 6.9 
 18.7 33 6.6 
 7.8 22 7.6 
 9.8 28 6.4 
 10 40 6.0 
 10.3 43 5.6 
 98.3 62 5.1 
 1.9 25 7.1 
 98 51 5.0 
 10.4 29 6.8 
 10.7 28 5.9 
 9.6 25 6.3 
 8.4 30 6.5 
 10.4 28 6.0 
 10.7 20 7.9 
 15.9 24 6.3 
 23.1 22 6.1 
 2 19 6.9 
 13.1 27 6.2 
 7.8 26 7.2 
 12.7 38 5.1 
 219.2 65 4.8 
 226 68 4.7 
 17.8 38 5.3 
 15.9 29 5.7 
 9.2 23 7.6 
 8.4 30 6.5 
 10.4 31 6.2 
 9.3 27 7.6 
 9.3 16 9.1 
 10.4 24 6.6 
 294 60 5.7 
 322.2 59 5.6 
 19.1 27 6.4 
 21.2 28 5.9 
 10.9 19 7.7 
 11.7 22 7.4 
 4.7 18 8.2 
 6.2 20 7.1 
 0.6 7 12.7 
 11.4 38 5.1 
 1.9 21 6.7 
 14.2 35 5.7 
 14.2 28 6.8 
 7.8 25 7.2 
 9.6 36 5.8 
 5.6 24 7.4 
 5.4 20 7.4 
 7.9 28 6.6 
 7.4 27 6.8 
 8.5 23 7.5 
 221.7 67 4.9 
 226.3 63 4.8 
 17.8 34 5.7 
 1.1 18 8.4 
 14.5 32 5.6 
 7.8 26 7.0 
 9.1 25 6.4 
 97.1 58 5.5 
 101.2 62 5.5 
 21.1 30 5.8 
 2.3 18 7.1 
 15.9 31 6.0 
 17.8 36 5.0 
 1.1 18 7.6 
 12.7 25 6.1 
 9.1 24 6.3 
 97.7 75 4.8 
 90.8 41 5.4 
 7.8 30 6.5 
 8.4 27 5.8 
 10.4 29 6.1 
 11.5 29 6.2 
 10.9 22 6.5 
 10.7 26 6.8 
 17.8 34 5.6 
 10.9 26 6.4 
 13.8 13 10.4 
 10.7 22 7.2 
 10.7 35 6.1 
 16.9 37 5.5 
 2.1 20 7.6 
 3.0 17 7.6 
 16 33 5.6 
